  0.000000000000000E+000  1.298234899969102E-025
   11.1110458313668       2.298142998501767E-005
   22.2220916627335       8.051277864933055E-005
   33.3331374941003       7.554768594798841E-005
   44.4441833254670       8.608226514438422E-005
   55.5552291568338       8.365542604092266E-005
   66.6662749882005       5.726997616196103E-005
   77.7773208195673       4.766250520633333E-005
   88.8883666509340       3.731562739918142E-005
   99.9994124823008       3.809732997020741E-005
   111.110458313668       3.268930839048206E-005
   122.221504145034       2.535035550725828E-005
   133.332549976401       2.332642331977683E-005
   144.443595807768       2.315189171681544E-005
   155.554641639135       1.974750561536180E-005
   166.665687470501       1.671015387934280E-005
   177.776733301868       1.586733219558233E-005
   188.887779133235       1.104679763241835E-005
   199.998824964602       6.700132724909784E-006
   211.109870795968       3.562037022324504E-006
   222.220916627335       2.452103364044270E-006
   233.331962458702       1.410148354874657E-006
   244.443008290069       6.578426155722357E-007
   255.554054121435       3.140783644062523E-007
   266.665099952802       1.106680023374843E-007
   277.776145784169       2.992025054547002E-008
   288.887191615536       4.311846796088222E-009
   299.998237446902       1.410683428639636E-009
   311.109283278269       5.233500203262879E-011
   322.220329109636       0.000000000000000E+000
   333.331374941003       0.000000000000000E+000
   344.442420772369       0.000000000000000E+000
   355.553466603736       0.000000000000000E+000
