  0.000000000000000E+000  9.256674379000805E-027
   11.1110458313668       2.749718946359154E-005
   22.2220916627335       1.282207053200656E-004
   33.3331374941003       1.637774586810149E-004
   44.4441833254670       1.668784479937727E-004
   55.5552291568338       1.560971934311658E-004
   66.6662749882005       1.120447226864105E-004
   77.7773208195673       1.033834434639948E-004
   88.8883666509340       9.297725550040969E-005
   99.9994124823008       9.183460852850064E-005
   111.110458313668       7.198030673893990E-005
   122.221504145034       6.358413152717108E-005
   133.332549976401       5.683981872862562E-005
   144.443595807768       5.546772094896142E-005
   155.554641639135       4.803750017521495E-005
   166.665687470501       4.012329855880686E-005
   177.776733301868       4.199435895193707E-005
   188.887779133235       3.723387574867592E-005
   199.998824964602       3.429077693377333E-005
   211.109870795968       2.933624550339830E-005
   222.220916627335       2.857830258525740E-005
   233.331962458702       2.703905588699222E-005
   244.443008290069       2.475690541673316E-005
   255.554054121435       2.338452033662269E-005
   266.665099952802       2.134585745625191E-005
   277.776145784169       2.055230363996832E-005
   288.887191615536       1.947500854249978E-005
   299.998237446902       1.831756807812298E-005
   311.109283278269       1.739136152634673E-005
   322.220329109636       1.652895288529304E-005
   333.331374941003       1.561383972689453E-005
   344.442420772369       1.550362198744360E-005
   355.553466603736       1.403517934371938E-005
   366.664512435103       1.230284731659537E-005
   377.775558266470       9.881357800650591E-006
   388.886604097836       7.738115346923556E-006
   399.997649929203       6.453415527957290E-006
   411.108695760570       4.944012432796572E-006
   422.219741591937       4.087339123788387E-006
   433.330787423303       3.061197683549262E-006
   444.441833254670       2.449661956275331E-006
   455.552879086037       1.895250254844648E-006
   466.663924917404       1.451448031334529E-006
   477.774970748770       1.081249999921726E-006
   488.886016580137       7.453429499844201E-007
   499.997062411504       5.253653064208562E-007
   511.108108242871       3.051529142437770E-007
   522.219154074237       1.922937850949054E-007
   533.330199905604       1.195897907675481E-007
   544.441245736971       6.836840994998036E-008
   555.552291568338       3.896531071958739E-008
   566.663337399704       1.484733323920104E-008
   577.774383231071       5.751941187529099E-009
   588.885429062438       4.001030701456431E-009
   599.996474893805       1.022474534532749E-009
   611.107520725171       2.110566900480389E-010
   622.218566556538       0.000000000000000E+000
   633.329612387905       0.000000000000000E+000
   644.440658219272       0.000000000000000E+000
   655.551704050638       0.000000000000000E+000
   666.662749882005       0.000000000000000E+000
   677.773795713372       0.000000000000000E+000
   688.884841544739       0.000000000000000E+000
   699.995887376106       0.000000000000000E+000
   711.106933207472       0.000000000000000E+000
