AR                 0   136.500     3.330     0.000     0.000     0.000          
C                  0    71.400     3.298     0.000     0.000     0.000 ! *      
CH                 1    80.000     2.750     0.000     0.000     0.000          
CH2                1   144.000     3.800     0.000     0.000     0.000          
CH2*               1   144.000     3.800     0.000     0.000     0.000          
CH3                1   144.000     3.800     0.000     0.000     0.000          
CH4                2   141.400     3.746     0.000     2.600    13.000          
CO                 1    98.100     3.650     0.000     1.950     1.800          
CO2                1   244.000     3.763     0.000     2.650     2.100          
HCO                2   498.000     3.590     0.000     0.000     0.000          
CH2O               2   498.000     3.590     0.000     0.000     2.000          
CH2OH              2   417.000     3.690     1.700     0.000     2.000          
CH3O               2   417.000     3.690     1.700     0.000     2.000          
CH3OH              2   481.800     3.626     0.000     0.000     1.000 ! SVE    
                                                                                
C2                 1    97.530     3.621     0.000     1.760     4.000          
C2O                1   232.400     3.828     0.000     0.000     1.000 ! *      
C2H                1   209.000     4.100     0.000     0.000     2.500          
C2H2               1   209.000     4.100     0.000     0.000     2.500          
H2CC               2   209.000     4.100     0.000     0.000     2.500
C2H3               2   209.000     4.100     0.000     0.000     1.000 ! *      
C2H4               2   280.800     3.971     0.000     0.000     1.500          
C2H5               2   252.300     4.302     0.000     0.000     1.500          
C2H6               2   252.300     4.302     0.000     0.000     1.500          
HCCO               2   150.000     2.500     0.000     0.000     1.000 ! *      
HCCOH              2   436.000     3.970     0.000     0.000     2.000          
CH2CO              2   436.000     3.970     0.000     0.000     2.000          
CH2CHO             2   436.000     3.970     0.000     0.000     2.000          
C2H2OH             2   224.700     4.162     0.000     0.000     1.000 ! *      
                                                                                
C3H2               2   209.000     4.100     0.000     0.000     1.000 ! *      
C3H3               2   252.000     4.760     0.000     0.000     1.000 ! JAM    
aC3H4              1   252.000     4.760     0.000     0.000     1.000          
pC3H4              1   252.000     4.760     0.000     0.000     1.000          
cC3H4              1   252.000     4.760     0.000     0.000     1.000
                                                                                
C4H                1   357.000     5.180     0.000     0.000     1.000          
C4H2               1   357.000     5.180     0.000     0.000     1.000          
H2C4O              2   357.000     5.180     0.000     0.000     1.000 ! JAM    
C4H2OH             2   224.700     4.162     0.000     0.000     1.000 ! *      
i-C4H3             2   357.000     5.180     0.000     0.000     1.000 ! JAM    
n-C4H3             2   357.000     5.180     0.000     0.000     1.000 ! JAM    
C4H4               2   357.000     5.180     0.000     0.000     1.000 ! JAM    
i-C4H5             2   357.000     5.180     0.000     0.000     1.000 ! JAM    
n-C4H5             2   357.000     5.180     0.000     0.000     1.000 ! JAM    
C4H6               2   357.000     5.180     0.000     0.000     1.000         
C4H612             2   357.000     5.180     0.000     0.000     1.000 
                                                                                
C5H2               1   357.000     5.180     0.000     0.000     1.000          
C5H3               1   357.000     5.180     0.000     0.000     1.000          
C5H5               1   357.000     5.180     0.000     0.000     1.000          
C5H6               1   357.000     5.180     0.000     0.000     1.000          
                                                                                
C6H                1   357.000     5.180     0.000     0.000     1.000          
C6H2               1   357.000     5.180     0.000     0.000     1.000          
C6H3               2   357.000     5.180     0.000     0.000     1.000  !       
l-C6H4             2   412.300     5.349     0.000     0.000     1.000  !(JAM)  
n-C6H5             2   412.300     5.349     0.000     0.000     1.000  !(JAM)  
i-C6H5             2   412.300     5.349     0.000     0.000     1.000  !(JAM)  
l-C6H6             2   412.300     5.349     0.000     0.000     1.000  !(SVE)  
n-C6H7             2   412.300     5.349     0.000     0.000     1.000  !(JAM)  
i-C6H7             2   412.300     5.349     0.000     0.000     1.000  !(JAM)  
C6H8               2   412.300     5.349     0.000     0.000     1.000  !(JAM)  
                                                                                
HE                 0    10.200     2.576     0.000     0.000     0.000 ! *      
H                  0   145.000     2.050     0.000     0.000     0.000          
H2                 1    38.000     2.920     0.000     0.790   280.000          
H2O                2   572.400     2.605     1.844     0.000     4.000          
H2O2               2   107.400     3.458     0.000     0.000     3.800          
HO2                2   107.400     3.458     0.000     0.000     1.000 ! *      
N2                 1    97.530     3.621     0.000     1.760     4.000          
O                  0    80.000     2.750     0.000     0.000     0.000          
O2                 1   107.400     3.458     0.000     1.600     3.800          
OH                 1    80.000     2.750     0.000     0.000     0.000          
                                                                                
                                                                                
c-C6H4             2   464.8       5.29      0.00     10.32      0.000  !  benze
A1                 2   464.8       5.29      0.00     10.32      0.000  !  benze
A1-                2   464.8       5.29      0.00     10.32      0.000  !  benze
c-C6H7             2   464.8       5.29      0.00     10.32      0.000  !  benze
C5H4O              2   464.8       5.29      0.00     10.32      0.000  !  benze
C5H5O              2   464.8       5.29      0.00     10.32      0.000  !  benze
C5H4OH             2   464.8       5.29      0.00     10.32      0.000  !  benze
C6H5O              2   464.8       5.29      0.00     10.32      0.000  !  benze
C6H5OH             2   464.8       5.29      0.00     10.32      0.000  !  benze

aC3H5              2   266.800     4.982     0.000     0.000     1.000
CH3CCH2            2   266.800     4.982     0.000     0.000     1.000
CH3CHCH            2   266.800     4.982     0.000     0.000     1.000
C3H6               2   266.800     4.982     0.000     0.000     1.000
C3H7               2   266.800     4.982     0.000     0.000     1.000
C4H6               2   357.000     5.180     0.000     0.000     1.000
iC3H7              2   266.800     4.982     0.000     0.000     1.000
nC3H7              2   266.800     4.982     0.000     0.000     1.000
C3H8               2   266.800     4.982     0.000     0.000     1.000
C4H                1   357.000     5.180     0.000     0.000     1.000
C4H2               1   357.000     5.180     0.000     0.000     1.000
C4H2OH             2   224.700     4.162     0.000     0.000     1.000 ! *
iC4H5              2   357.000     5.176     0.000     0.000     1.000
C4H6               2   357.000     5.176     0.000     0.000     1.000
C4H7               2   357.000     5.176     0.000     0.000     1.000
iC4H7              2   357.000     5.176     0.000     0.000     1.000
C4H81              2   357.000     5.176     0.000     0.000     1.000
C4H82              2   357.000     5.176     0.000     0.000     1.000
iC4H8              2   357.000     5.176     0.000     0.000     1.000
tC4H9              2   357.000     5.176     0.000     0.000     1.000
iC4H9              2   357.000     5.176     0.000     0.000     1.000
pC4H9              2   357.000     5.176     0.000     0.000     1.000
sC4H9              2   357.000     5.176     0.000     0.000     1.000
C4H10              2   357.000     5.176     0.000     0.000     1.000
iC4H10             2   357.000     5.176     0.000     0.000     1.000
CH3COCH3           2   357.000     5.176     0.000     0.000     1.000
C2H3CHO            2   357.000     5.176     0.000     0.000     1.000
iC4H7O             2   450.000     5.500     0.000     0.000     1.000 ! JAM
CH3CHO             2   436.000     3.970     0.000     0.000     2.000
CH3CO              2   436.000     3.970     0.000     0.000     2.000
                                                                                
