
! UCRL-WEB-204236
! REVIEW AND RELEASE DATE: MAY 19, 2004.
!

C2H2		1	265.300	3.721	0.000	0.000	2.500	!NMM
C2H3		2	265.300	3.721	0.000	0.000	1.000	!NMM
C2H4		2	238.400	3.496	0.000	0.000	1.500	!NMM
C2H5		2	247.500	4.350	0.000	0.000	1.500	!NMM
C2H6		2	247.500	4.350	0.000	0.000	1.500	!NMM
C3H4		1	324.8	4.29	0.0	0.0	1.0
C3H6		2	307.800	4.140	0.000	0.000	1.000	!NMM
C3H7		2	303.400	4.810	0.000	0.000	1.000	!NMM
C4H9		2	352.000	5.240	0.000	0.000	1.000	!NMM
CH2		1	144.000	3.800	0.000	0.000	0.000
C3H5		2	316.000	4.220	0.000	0.000	1.000
CH2O		2	498.000	3.590	0.000	0.000	2.000
CH3		1	144.000	3.800	0.000	0.000	0.000
CH3O		2	417.000	3.690	1.700	0.000	2.000
CH3O2		2	481.800	3.626	0.000	0.000	1.000	!WJP
CH4O2		2	481.800	3.626	0.000	0.000	1.000	!WJP
CH4		2	141.400	3.746	0.000	2.600	13.000
CO		1	98.100	3.650	0.000	1.950	1.800
CO2		1	244.000	3.763	0.000	2.650	2.100
H		0	145.000	2.050	0.000	0.000	0.000
H2		1	38.000	2.920	0.000	0.790	280.000
H2O		2	572.400	2.605	1.844	0.000	4.000
H2O2		2	107.400	3.458	0.000	0.000	3.800
HCO		2	498.000	3.590	0.000	0.000	0.000
HO2		2	107.400	3.458	0.000	0.000	1.000	!*
N		0	71.400	3.298	0.000	0.000	0.000	!*
N2		1	97.530	3.621	0.000	1.760	4.000
NO		1	97.530	3.621	0.000	1.760	4.000
O		0	80.000	2.750	0.000	0.000	0.000
O2		1	107.400	3.458	0.000	1.600	3.800
OH		1	80.000	2.750	0.000	0.000	0.000
C7H16		2	459.6	6.253	0.0	0.0	1.0	!TCPC
C7H15-1		2	459.6	6.253	0.0	0.0	1.0	!WJP
C7H15-2		2	459.6	6.253	0.0	0.0	1.0	!WJP
C7H15O2		2	561.0	6.317	1.7	0.0	1.0
C7H14O2H	2	561.0	6.317	1.7	0.0	1.0
C7H14O2HO2	2	600.6	7.229	1.8	0.0	1.0
C7KET12		2	581.3	6.506	2.0	0.0	1.0	!1C8H17OH WJP
C5H11CHO	2	498.6	6.009	2.0	0.0	1.0	!C2H5COC3H7-N WJP
C5H11CO		2	498.6	6.009	2.0	0.0	1.0	!C2H5COC3H7-N WJP
C5H11		2	440.735	5.041	0.000	0.000	0.000	!FLAMEMASTER
C6H12		2	485.857	5.328	0.000	0.000	0.000	!FLAMEMASTER
