&GEOM ID='FEM_MESH', MATL_ID='beast'
VERTS=
   1.00000000000000,     0.00000000000000,     2.00000000000000,
   0.00000000000000,     1.00000000000000,     2.00000000000000,
   0.00000000000000,     0.00000000000000,     2.00000000000000,
   0.00000000000000,     0.00000000000000,     3.00000000000000,
  -1.00000000000000,     0.00000000000000,     3.00000000000000,
  -1.00000000000000,     0.00000000000000,     2.00000000000000,
  -1.00000000000000,    -1.00000000000000,     2.00000000000000,
   0.00000000000000,    -1.00000000000000,     2.00000000000000,
VOLUS=
      1,        2,        3,        4,
      8,        1,        3,        4,
      6,        8,        3,        4,
      6,        7,        8,        5,
      5,        4,        8,        6,
FACES=
      1,        2,        4,
      2,        3,        4,
      2,        1,        3,
      8,        3,        1,
      8,        1,        4,
      7,        8,        4,
      7,        4,        5,
      5,        6,        7,
      7,        6,        8,
      6,        3,        8,
      5,        4,        6,
      4,        3,        6,
