/PREP7
N,     1,   0.500000000000,       0.308000000000,        0.00000000000,    
N,     2,   0.350000000000,       0.308000000000,        0.00000000000,    
N,     3,   0.200000000000,       0.308000000000,        0.00000000000,    
N,     4,   0.350000000000,       0.500000000000,        0.00000000000,    
N,     5,   0.200000000000,       0.692000000000,        0.00000000000,    
N,     6,   0.350000000000,       0.692000000000,        0.00000000000,    
N,     7,   0.500000000000,       0.692000000000,        0.00000000000,    
N,     8,   0.500000000000,       0.308000000000,       0.250000000000,    
N,     9,   0.200000000000,       0.308000000000,       0.250000000000,    
N,    10,   0.350000000000,       0.308000000000,       0.250000000000,    
N,    11,   0.350000000000,       0.500000000000,       0.250000000000,    
N,    12,   0.350000000000,       0.692000000000,       0.250000000000,    
N,    13,   0.200000000000,       0.692000000000,       0.250000000000,    
N,    14,   0.500000000000,       0.692000000000,       0.250000000000,    
N,    15,   0.500000000000,       0.308000000000,       0.500000000000,    
N,    16,   0.200000000000,       0.308000000000,       0.500000000000,    
N,    17,   0.350000000000,       0.308000000000,       0.500000000000,    
N,    18,   0.350000000000,       0.692000000000,       0.500000000000,    
N,    19,   0.350000000000,       0.500000000000,       0.500000000000,    
N,    20,   0.200000000000,       0.692000000000,       0.500000000000,    
N,    21,   0.500000000000,       0.692000000000,       0.500000000000,    
N,    22,   0.500000000000,       0.308000000000,       0.750000000000,    
N,    23,   0.350000000000,       0.308000000000,       0.750000000000,    
N,    24,   0.200000000000,       0.308000000000,       0.750000000000,    
N,    25,   0.350000000000,       0.500000000000,       0.750000000000,    
N,    26,   0.200000000000,       0.692000000000,       0.750000000000,    
N,    27,   0.350000000000,       0.692000000000,       0.750000000000,    
N,    28,   0.500000000000,       0.692000000000,       0.750000000000,    
N,    29,   0.500000000000,       0.308000000000,        1.00000000000,    
N,    30,   0.350000000000,       0.308000000000,        1.00000000000,    
N,    31,   0.200000000000,       0.308000000000,        1.00000000000,    
N,    32,   0.350000000000,       0.692000000000,        1.00000000000,    
N,    33,   0.350000000000,       0.500000000000,        1.00000000000,    
N,    34,   0.200000000000,       0.692000000000,        1.00000000000,    
N,    35,   0.500000000000,       0.692000000000,        1.00000000000,    
N,    36,   0.500000000000,       0.308000000000,        1.25000000000,    
N,    37,   0.350000000000,       0.308000000000,        1.25000000000,    
N,    38,   0.200000000000,       0.308000000000,        1.25000000000,    
N,    39,   0.350000000000,       0.500000000000,        1.25000000000,    
N,    40,   0.350000000000,       0.692000000000,        1.25000000000,    
N,    41,   0.200000000000,       0.692000000000,        1.25000000000,    
N,    42,   0.500000000000,       0.692000000000,        1.25000000000,    
N,    43,   0.500000000000,       0.308000000000,        1.50000000000,    
N,    44,   0.350000000000,       0.308000000000,        1.50000000000,    
N,    45,   0.200000000000,       0.308000000000,        1.50000000000,    
N,    46,   0.350000000000,       0.500000000000,        1.50000000000,    
N,    47,   0.350000000000,       0.692000000000,        1.50000000000,    
N,    48,   0.200000000000,       0.692000000000,        1.50000000000,    
N,    49,   0.500000000000,       0.692000000000,        1.50000000000,    
N,    50,   0.500000000000,       0.308000000000,        1.75000000000,    
N,    51,   0.350000000000,       0.308000000000,        1.75000000000,    
N,    52,   0.200000000000,       0.308000000000,        1.75000000000,    
N,    53,   0.350000000000,       0.500000000000,        1.75000000000,    
N,    54,   0.350000000000,       0.692000000000,        1.75000000000,    
N,    55,   0.200000000000,       0.692000000000,        1.75000000000,    
N,    56,   0.500000000000,       0.692000000000,        1.75000000000,    
N,    57,   0.500000000000,       0.308000000000,        2.00000000000,    
N,    58,   0.200000000000,       0.308000000000,        2.00000000000,    
N,    59,   0.350000000000,       0.308000000000,        2.00000000000,    
N,    60,   0.350000000000,       0.500000000000,        2.00000000000,    
N,    61,   0.200000000000,       0.692000000000,        2.00000000000,    
N,    62,   0.350000000000,       0.692000000000,        2.00000000000,    
N,    63,   0.500000000000,       0.692000000000,        2.00000000000,    
N,    64,   0.500000000000,       0.308000000000,        2.25000000000,    
N,    65,   0.350000000000,       0.308000000000,        2.25000000000,    
N,    66,   0.200000000000,       0.308000000000,        2.25000000000,    
N,    67,   0.350000000000,       0.500000000000,        2.25000000000,    
N,    68,   0.350000000000,       0.692000000000,        2.25000000000,    
N,    69,   0.200000000000,       0.692000000000,        2.25000000000,    
N,    70,   0.500000000000,       0.692000000000,        2.25000000000,    
N,    71,   0.500000000000,       0.308000000000,        2.50000000000,    
N,    72,   0.200000000000,       0.308000000000,        2.50000000000,    
N,    73,   0.350000000000,       0.308000000000,        2.50000000000,    
N,    74,   0.350000000000,       0.500000000000,        2.50000000000,    
N,    75,   0.200000000000,       0.692000000000,        2.50000000000,    
N,    76,   0.350000000000,       0.692000000000,        2.50000000000,    
N,    77,   0.500000000000,       0.692000000000,        2.50000000000,    
N,    78,   0.500000000000,       0.308000000000,        2.75000000000,    
N,    79,   0.350000000000,       0.308000000000,        2.75000000000,    
N,    80,   0.200000000000,       0.308000000000,        2.75000000000,    
N,    81,   0.350000000000,       0.500000000000,        2.75000000000,    
N,    82,   0.350000000000,       0.692000000000,        2.75000000000,    
N,    83,   0.200000000000,       0.692000000000,        2.75000000000,    
N,    84,   0.500000000000,       0.692000000000,        2.75000000000,    
N,    85,   0.500000000000,       0.308000000000,        3.00000000000,    
N,    86,   0.200000000000,       0.308000000000,        3.00000000000,    
N,    87,   0.350000000000,       0.500000000000,        3.00000000000,    
N,    88,   0.350000000000,       0.308000000000,        3.00000000000,    
N,    89,   0.200000000000,       0.692000000000,        3.00000000000,    
N,    90,   0.500000000000,       0.692000000000,        3.00000000000,    
N,    91,   0.350000000000,       0.692000000000,        3.00000000000,    
!*
ET,1,SHELL131
!*  
KEYOPT,1,2,2
KEYOPT,1,3,1
KEYOPT,1,4,4,   
KEYOPT,1,6,0
!*  
TOFFST,273  
MPTEMP,,,,,,,,  
MPTEMP,1,0  
MPDATA,KXX,1,,54
MPTEMP,,,,,,,,  
MPTEMP,1,0  
MPDATA,C,1,,425 
MPTEMP,,,,,,,,  
MPTEMP,1,0  
MPDATA,DENS,1,,7850 
MPTEMP,,,,,,,,  
MPTEMP,1,0  
MPDATA,EMIS,1,,0.8  
!
!*  
sect,1,shell,,flanges   
secdata, 0.004,1,0.0,3  
secdata, 0.004,1,0.0,3  
secdata, 0.004,1,0.0,3  
secdata, 0.004,1,0.0,3  
secoffset,MID   
seccontrol,,,, , , ,
sect,2,shell,,web   
secdata, 0.003125,1,0.0,3   
secdata, 0.003125,1,0.0,3   
secdata, 0.003125,1,0.0,3   
secdata, 0.003125,1,0.0,3   
secoffset,MID   
seccontrol,,,, , , ,
!
TYPE,   1   
MAT,       1
REAL,   
ESYS,       0   
SECNUM, 1
TSHAP,LINE  
!*
E,    1,     8,    10,     2
E,    2,    10,     9,     3
E,    4,    11,    12,     6
E,    2,    10,    11,     4
E,   13,    12,     6,     5
E,    6,    12,    14,     7
E,    8,    15,    17,    10
E,   10,    17,    16,     9
E,   11,    19,    18,    12
E,   10,    17,    19,    11
E,   20,    18,    12,    13
E,   12,    18,    21,    14
E,   15,    22,    23,    17
E,   17,    23,    24,    16
E,   19,    25,    27,    18
E,   17,    23,    25,    19
E,   26,    27,    18,    20
E,   18,    27,    28,    21
E,   22,    29,    30,    23
E,   23,    30,    31,    24
E,   25,    33,    32,    27
E,   23,    30,    33,    25
E,   34,    32,    27,    26
E,   27,    32,    35,    28
E,   29,    36,    37,    30
E,   30,    37,    38,    31
E,   33,    39,    40,    32
E,   30,    37,    39,    33
E,   41,    40,    32,    34
E,   32,    40,    42,    35
E,   36,    43,    44,    37
E,   37,    44,    45,    38
E,   39,    46,    47,    40
E,   37,    44,    46,    39
E,   48,    47,    40,    41
E,   40,    47,    49,    42
E,   43,    50,    51,    44
E,   44,    51,    52,    45
E,   46,    53,    54,    47
E,   44,    51,    53,    46
E,   55,    54,    47,    48
E,   47,    54,    56,    49
E,   50,    57,    59,    51
E,   51,    59,    58,    52
E,   53,    60,    62,    54
E,   51,    59,    60,    53
E,   61,    62,    54,    55
E,   54,    62,    63,    56
E,   57,    64,    65,    59
E,   59,    65,    66,    58
E,   60,    67,    68,    62
E,   59,    65,    67,    60
E,   69,    68,    62,    61
E,   62,    68,    70,    63
E,   64,    71,    73,    65
E,   65,    73,    72,    66
E,   67,    74,    76,    68
E,   65,    73,    74,    67
E,   75,    76,    68,    69
E,   68,    76,    77,    70
E,   71,    78,    79,    73
E,   73,    79,    80,    72
E,   74,    81,    82,    76
E,   73,    79,    81,    74
E,   83,    82,    76,    75
E,   76,    82,    84,    77
E,   78,    85,    88,    79
E,   79,    88,    86,    80
E,   81,    87,    91,    82
E,   79,    88,    87,    81
E,   89,    91,    82,    83
E,   82,    91,    90,    84
!*
EMODIF,3,SEC,2,  
EMODIF,4,SEC,2,  
EMODIF,9,SEC,2,  
EMODIF,10,SEC,2,  
EMODIF,15,SEC,2,  
EMODIF,16,SEC,2,  
EMODIF,21,SEC,2,  
EMODIF,22,SEC,2,  
EMODIF,27,SEC,2,  
EMODIF,28,SEC,2,  
EMODIF,33,SEC,2,  
EMODIF,34,SEC,2,  
EMODIF,39,SEC,2,  
EMODIF,40,SEC,2,  
EMODIF,45,SEC,2,  
EMODIF,46,SEC,2,  
EMODIF,51,SEC,2,  
EMODIF,52,SEC,2,  
EMODIF,57,SEC,2,  
EMODIF,58,SEC,2,  
EMODIF,63,SEC,2,  
EMODIF,64,SEC,2,  
EMODIF,69,SEC,2,  
EMODIF,70,SEC,2,  
!*
!*
ANTYPE,4
!*  
TRNOPT,FULL 
LUMPM,0 
!*  
DELTIM,2,0.001,10   
OUTRES,ERASE
OUTRES,ALL,15   
KBC,0   
TIME,3600
!*
TUNIF,20,   
TREF,20,
!*